(XP_0661201:0.00000,((((XP_0545650:0.01565,(XP_0160627:0.00039,
XP_0144003:0.00280):0.02198):0.04153,(XP_0358895:0.00426,
XP_0535107:-0.00425):0.02021):0.00993,(XP_0454432:0.00193,
XP_0456918:0.00169):0.03956):0.01023,(XP_0537666:0.00000,
XP_0662207:0.00000):0.00000):0.00000,XP_0361250:0.00000);
